center_x = 31.50315929401252
center_y = 20.439403932082236
center_z = -0.14834294012510651
size_x = 30
size_y = 30
size_z = 30
